332
240
527
886
956
824
302
136
530
176
232
981
720
836
103
249
950
905
320
579
973
868
487
458
690
985
391
189
375
3
938
45
773
250
885
161
953
866
479
622
306
767
905
149
810
70
332
758
994
257
853
88
144
889
200
140
66
35
563
101
425
575
9
771
312
795
388
409
861
882
673
691
109
302
831
521
779
205
510
169
1
995
77
990
904
720
125
420
768
106
807
825
918
485
508
504
552
726
64
325
748
870
57
137
990
603
431
812
321
838
637
853
593
18
969
186
862
670
574
465
582
895
36
949
598
876
829
47
845
165
962
57
353
634
2
130
55
719
631
342
160
16
874
812
755
519
913
453
339
75
563
676
902
221
262
697
6
809
548
900
826
682
256
863
910
742
928
387
844
561
894
464
541
517
881
908
484
220
323
135
760
688
294
853
817
399
122
762
324
362
130
10
713
935
818
592
331
723
681
50
723
178
17
68
294
654
497
151
289
201
944
143
858
586
383
730
243
238
218
12
285
608
568
888
569
442
652
589
891
896
262
340
571
640
957
171
751
132
683
202
270
985
34
408
331
724
5
140
329
45
790
797
448
774
116
364
38
83
880
13
797
114
587
509
679
169
716
837
556
687
438
284
159
873
196
680
563
345
799
583
160
161
857
3
437
744
978
635
111
861
750
299
152
909
155
354
762
841
715
718
985
133
885
127
176
267
116
773
867
865
936
587
934
728
237
789
815
902
348
575
16
766
353
195
172
263
367
597
894
39
686
508
851
768
327
923
165
330
196
218
122
596
272
772
202
814
354
175
846
432
679
645
877
844
746
980
0
673
598
464
537
921
824
442
789
95
629
760
469
323
200
744
328
95
641
182
41
677
491
156
291
823
170
576
191
2
692
947
441
23
795
166
131
463
188
523
645
384
577
223
303
637
239
128
741
86
424
450
368
168
59
830
581
716
264
511
948
844
509
778
329
325
267
505
416
257
957
128
467
885
337
570
300
56
652
366
85
14
804
394
645
8
87
229
912
428
326
167
25
87
75
222
400
765
968
168
939
370
246
625
493
97
379
10
327
473
136
793
276
263
610
311
974
230
650
824
511
52
347
982
971
416
940
78
293
763
478
624
360
46
168
637
591
169
977
659
68
688
835
287
259
630
640
657
39
842
672
854
484
983
184
675
239
857
2
572
520
81
417
881
684
874
536
626
190
583
370
881
753
451
613
700
300
921
401
765
12
264
926
780
392
914
915
504
740
991
912
714
774
432
197
270
390
154
751
99
37
802
599
175
627
408
714
107
408
438
432
540
591
856
27
590
965
816
894
655
193
448
529
305
798
320
874
92
182
523
998
535
450
793
445
418
193
233
996
210
650
804
677
714
511
134
532
832
674
678
731
122
245
37
125
576
186
169
130
817
401
406
87
572
677
266
897
855
564
914
118
62
480
472
226
71
719
610
830
910
332
192
545
743
890
69
47
178
434
941
783
605
16
570
749
116
396
619
167
354
486
896
98
203
38
411
98
512
364
206
712
154
737
863
450
39
515
802
720
800
378
499
491
970
474
605
120
833
874
587
777
736
435
322
382
955
331
868
861
674
34
499
870
494
928
554
994
190
684
549
164
204
892
471
305
524
653
632
246
352
157
543
747
680
469
657
433
921
853
987
567
687
491
551
961
192
602
94
816
631
196
568
998
950
539
364
907
662
25
94
191
837
379
825
48
399
813
179
52
799
262
752
936
634
817
836
633
98
912
833
569
495
397
197
686
171
614
687
54
527
11
382
898
867
436
794
737
168
612
434
845
828
976
483
283
554
303
876
501
348
84
133
732
638
76
641
383
963
311
517
380
692
585
982
639
932
533
485
215
303
846
461
480
866
514
118
93
819
814
323
666
540
13
107
915
931
432
259
20
556
186
459
35
434
576
86
387
325
191
153
355
979
130
520
865
171
836
156
458
368
57
405
203
76
690
533
529
827
613
841
537
476
899
454
805
68
799
693
906
630
93
497
909
197
234
472
341
276
875
685
277
449
62
108
146
341
844
137
451
309
437
600
506
650
370
432
623
325
899
571
519
992
693
665
628
213
460
757
241
499
680
916
162
350
832
884
81
340
686
395
95
871
309
464
628
160
180
60
270
164
797
748
445
649
963
546
907
730
975
768
663
458
744
526
730
867
305
493
460
282
109
330
952
472
590
76
639
266
891
425
384
254
36
582
119
466
164
255
299
398
261
876
66
185
974
515
434
351
53
944
693
951
560
994
674
653
691
730
918
689
501
906
980
858
